1 1 7 10/10/1997
1 2 2 02/12/1997
1 3 0 12/11/1998
2 1 10 13/12/1999
2 2 4 05/05/1996
2 3 1 14/07/1997
3 1 6 20/08/1998
3 2 0 01/01/2000
3 3 3 22/02/2001
4 1 3 30/03/2002
4 2 8 17/04/1999
4 3 2 06/06/2000
5 1 10 11/07/2001
5 2 4 25/08/1995
5 3 0 14/09/1996
6 1 1 09/10/1997
6 2 8 28/11/2002
6 3 4 19/12/2003
7 1 9 05/01/2005
7 2 3 08/02/2006
7 3 7 29/03/2007
8 1 0 12/04/2008
8 2 10 23/05/2009
8 3 4 04/06/2010
9 1 8 15/07/2011
9 2 1 26/08/2012
9 3 0 07/09/2013
10 1 9 18/10/2014
10 2 5 29/11/2015
10 3 3 10/12/2016