1 1 0 10/10/1997
1 1 1 02/12/1997
1 2 1 12/11/1998
1 3 1 13/12/1999
2 1 1 05/05/1996
2 2 0 14/07/1997
2 3 1 20/08/1998
3 1 0 01/01/2000
3 2 1 22/02/2001
3 3 1 30/03/2002
4 1 1 17/04/1999
4 2 0 06/06/2000
4 3 1 11/07/2001
5 1 0 25/08/1995
5 2 1 14/09/1996
5 3 1 09/10/1997
6 1 1 28/11/2002
6 2 0 19/12/2003
6 3 1 05/01/2005
7 1 0 08/02/2006
7 2 1 29/03/2007
7 3 1 12/04/2008
8 1 1 23/05/2009
8 2 0 04/06/2010
8 3 1 15/07/2011
9 1 0 26/08/2012
9 2 1 07/09/2013
9 3 1 18/10/2014
10 1 1 29/11/2015
10 2 0 10/12/2016
10 3 1 21/01/2017