1001 2023 1 1 120
1002 2023 1 1 90
1003 2023 1 2 110
1004 2023 1 2 80
1005 2023 1 3 150
1006 2023 1 3 45
1007 2023 2 1 200
1008 2023 2 1 175
1009 2023 2 2 130
1010 2023 2 2 95
1011 2023 3 1 160
1012 2023 3 1 140
1013 2023 3 2 100
1014 2023 3 2 125
1015 2023 4 1 180
1016 2023 4 1 170
1017 2023 4 2 105
1018 2023 4 2 90
1019 2023 5 1 60
1020 2023 5 1 135
1021 2023 5 2 145
1022 2023 5 2 80
1023 2024 6 1 155
1024 2024 6 1 195
1025 2024 6 2 210
1026 2024 6 2 175
1027 2024 7 1 190
1028 2024 7 1 160
1029 2024 7 2 85
1030 2024 7 2 140
1031 2024 8 1 120
1032 2024 8 1 130
1033 2024 8 2 110
1034 2024 8 2 195
1035 2024 9 1 165
1036 2024 9 1 180
1037 2024 9 2 145
1038 2024 9 2 90
1039 2024 10 1 75
1040 2024 10 1 125
1041 2024 10 2 105
1042 2024 10 2 160
1043 2025 11 1 145
1044 2025 11 1 200
1045 2025 11 2 180
1046 2025 11 2 135
1047 2025 12 1 115
1048 2025 12 1 175
1049 2025 12 2 155
1050 2025 12 2 140
1051 2025 12 3 120
1052 2025 12 3 135
1053 2026 1 1 95
1054 2026 1 1 150
1055 2026 1 2 175
1056 2026 1 2 110
1057 2026 2 1 195
1058 2026 2 1 145
1059 2026 2 2 130
1060 2026 2 2 160
1061 2026 3 1 180
1062 2026 3 1 105
1063 2026 3 2 90
1064 2026 3 2 60
1065 2026 4 1 135
1066 2026 4 1 145
1067 2026 4 2 80
1068 2026 4 2 155
1069 2026 5 1 195
1070 2026 5 1 210
1071 2026 5 2 175
1072 2026 5 2 190