1 2023 1 110.50  
1 2023 1 45.80  
1 2023 4 97.30  
1 2023 4 32.40  
1 2023 4 65.20  
1 2024 2 85.20  
1 2024 2 90.50  
1 2025 6 78.50  
1 2025 6 110.10  
2 2022 3 120.70  
2 2022 3 85.40  
2 2023 5 65.80  
2 2023 5 70.20  
2 2024 7 89.40  
2 2024 7 45.30  
2 2025 11 140.20  
2 2025 11 99.50  
3 2021 2 105.60  
3 2021 2 75.30  
3 2023 9 92.30  
3 2023 9 49.80  
3 2024 12 99.70  
3 2024 12 80.60  
4 2022 1 130.40  
4 2022 1 110.70  
4 2023 6 70.90  
4 2023 6 60.50  
4 2024 8 95.20  
4 2024 8 72.30  
4 2025 10 110.60  
4 2025 10 90.90  
5 2020 3 80.10  
5 2020 3 45.60  
5 2023 5 60.20  
5 2023 5 55.70  
5 2024 7 115.80  
5 2024 7 100.40  
5 2025 9 98.30  
5 2025 9 88.70  
6 2021 4 87.40  
6 2021 4 70.20  
6 2022 6 75.50  
6 2022 6 50.80  
6 2023 8 110.20  
6 2023 8 95.60  
6 2025 10 125.70  
6 2025 10 112.80  
7 2023 1 90.90  
7 2023 1 80.40  
7 2024 3 105.30  
7 2024 3 95.20  
7 2025 12 99.10  
7 2025 12 85.70  
8 2022 2 88.20  
8 2022 2 76.40  
8 2023 4 67.50  
8 2023 4 60.90  
8 2024 6 78.60  
8 2024 6 72.80  
8 2025 9 120.40  
8 2025 9 110.90  
9 2020 5 65.30  
9 2020 5 55.70  
9 2021 7 92.10  
9 2021 7 85.30  
9 2023 9 100.80  
9 2023 9 90.50  
9 2024 11 130.70  
9 2024 11 125.40  
10 2023 4 75.90  
10 2023 4 70.20  
10 2024 8 89.50  
10 2024 8 80.70  
10 2025 12 140.20  
10 2025 12 132.50  